% # columns="iteration, evaluation, sigma, axis ratio, bestever, best, median, worst objective function value, further objective values of best", seed=499559, Mon Apr 26 00:38:24 2021, <python>{}</python>
1 23 0.2968424179815247 1.000049927608639 6.1819156873803625 6.1819156873803625e+00 101.12166027018428 116.19496037350223   
2 46 0.2939152455810483 1.000049927608639 6.1819156873803625 1.2642381217500210e+01 106.71206114729121 136.66173685363555   
3 69 0.2911709598996148 1.000049927608639 5.719843919464093 5.7198439194640933e+00 31.116227692370146 123.87552923267211   
4 92 0.28860748013041815 1.000049927608639 5.719843919464093 1.3463909824070853e+01 29.595897218821584 125.40667738203953   
5 115 0.2862014755130244 1.000049927608639 5.719843919464093 1.6548780564008307e+01 26.1586333408498 114.60817666082829   
6 138 0.2839659227849049 1.000049927608639 5.719843919464093 9.2252053164125787e+00 27.817786409733554 118.27377710891204   
7 161 0.2818925842986741 1.0039929454346197 4.05047757377352 4.0504775737735201e+00 26.186617142882827 122.02321458365522   
8 184 0.27990595132528573 1.0039929454346197 4.05047757377352 8.0777584489919398e+00 28.540344414679375 134.71440988395736   
9 207 0.27801998517939663 1.0039929454346197 4.05047757377352 1.2155246607268230e+01 27.125113742301277 123.72135657640735   
10 230 0.27621281211244436 1.0039929454346197 4.05047757377352 1.5514899841307944e+01 29.94969398531682 132.25235969578353   
11 253 0.2744862037511447 1.0039929454346197 4.05047757377352 8.9882314647529533e+00 30.036461761647903 125.89127236297665   
12 276 0.27284196607952643 1.0039929454346197 4.05047757377352 9.2669398700377510e+00 102.6203418643456 137.81579712907472   
13 299 0.2712497012806091 1.004728846190216 4.05047757377352 6.6934752089946343e+00 28.60347894577868 138.8530559730101   
14 322 0.269713941306371 1.004728846190216 4.05047757377352 1.7030772945609588e+01 24.35354561288285 128.34180015785557   
15 345 0.26824083909797136 1.004728846190216 4.05047757377352 1.0673787662710412e+01 22.6741947701164 131.7772968837619   
16 368 0.26681872801419143 1.004728846190216 4.05047757377352 7.4045964383085741e+00 27.734684994080315 129.08204749179941   
17 391 0.265428535435072 1.004728846190216 4.05047757377352 1.0029468859399982e+01 24.143405299730574 123.45055137866737   
18 414 0.26411303760899524 1.004728846190216 4.05047757377352 1.2649081591520480e+01 103.24505266581973 129.58255275749417   
19 437 0.262866630334685 1.0059300660482093 4.05047757377352 9.9849642136320753e+00 23.82369552794287 128.67769190779143   
20 460 0.2616671520842203 1.0059300660482093 4.05047757377352 7.9888258660348654e+00 24.05945008510231 137.34448213380762   
21 483 0.26049513063026675 1.0059300660482093 4.05047757377352 1.0500954155772321e+01 27.384713106139866 120.80629555118395   
22 506 0.2593553439854175 1.0059300660482093 4.05047757377352 1.2421026172168576e+01 19.762535412445683 110.24052917010958   
23 529 0.2582594708371936 1.0059300660482093 1.7505472875287227 1.7505472875287227e+00 22.328045120403214 144.8521969863226   
24 552 0.2571986640867431 1.0059300660482093 1.7505472875287227 9.1630576702064701e+00 33.45862343776209 141.9515617871241   
25 575 0.25618989085800303 1.0075584156973383 1.7505472875287227 4.3423685532671819e+00 22.459315946862738 144.7074681721187   
26 598 0.2551848485947154 1.0075584156973383 1.7505472875287227 7.1083299506486952e+00 21.395232912402633 119.94172998633236   
27 621 0.2541823292645372 1.0075584156973383 1.7505472875287227 1.3864254896765649e+01 22.365047415599168 140.9526331654582   
28 644 0.2532234833869958 1.0075584156973383 0.42035381846999625 4.2035381846999625e-01 21.210490754258533 133.66543902269626   
29 667 0.2522965107427149 1.0075584156973383 0.42035381846999625 4.4523806760360749e+00 21.924100760330784 134.48019743802334   
30 690 0.25138949809971745 1.0075584156973383 0.42035381846999625 9.7654375547586767e+00 20.666276663810656 148.32826155709287   
31 713 0.25050390269424583 1.0095294478310362 0.42035381846999625 1.0794288218135657e+01 24.950502012319998 142.38280730883093   
32 736 0.24964741069419483 1.0095294478310362 0.42035381846999625 1.0635749687567962e+01 21.090483234519144 128.23948341349265   
33 759 0.24879124148132414 1.0095294478310362 0.42035381846999625 8.8739535287699223e+00 24.36269273914595 127.40908864830433   
34 782 0.24795796255487348 1.0095294478310362 0.42035381846999625 1.1103439145511670e+01 21.401833144537548 127.98388616375811   
35 805 0.24714514327070997 1.0095294478310362 0.42035381846999625 2.1368387610757131e+00 22.530127381958067 130.01070858386595   
36 828 0.2463770655086621 1.0095294478310362 0.42035381846999625 3.8807467449102679e+00 22.987792379068257 131.14864766713978   
37 851 0.24564412335677974 1.0116444848572115 0.42035381846999625 5.5494825019383240e+00 105.9750104075633 142.32176027809206   
38 874 0.24492156477055868 1.0116444848572115 0.42035381846999625 3.2857977146195942e+00 22.00564060041936 128.47886325682077   
39 897 0.24420966343135822 1.0116444848572115 0.42035381846999625 1.0428903323547908e+01 19.72902720483022 123.68152662289889   
40 920 0.24351891812298487 1.0116444848572115 0.42035381846999625 5.1876461313006788e+00 23.25751493327689 131.4599240727965   
41 943 0.24285944717925312 1.0116444848572115 0.42035381846999625 7.9189220822888124e+00 21.35360033733276 127.00932343620434   
42 966 0.24219826529277466 1.0116444848572115 0.42035381846999625 9.2203536705430569e+00 22.492058597123982 131.1468041510135   
43 989 0.24153255357672876 1.014095111545339 0.42035381846999625 4.3110563654222789e+00 18.970066712936806 140.75625095132244   
44 1012 0.24092144219873532 1.014095111545339 0.42035381846999625 1.0747261392913167e+01 23.80675986739377 140.12433028815124   
45 1035 0.24033828022409678 1.014095111545339 0.42035381846999625 7.6744755487317926e+00 18.511081856879738 130.7114746877911   
46 1058 0.2397719708398771 1.014095111545339 0.42035381846999625 1.1100732275390404e+00 17.25195123039433 106.24345480029906   
47 1081 0.23923261072255714 1.014095111545339 0.42035381846999625 3.3436557979173975e+00 14.661014728556065 102.66259208775872   
48 1104 0.2386988634253934 1.014095111545339 0.42035381846999625 1.0564838438529527e+01 18.501120826880157 124.5919186923889   
49 1127 0.23817872216229843 1.0167552145359395 0.42035381846999625 5.3625241244205677e+00 16.653791823172412 111.30708979302582   
50 1150 0.23768318497369637 1.0167552145359395 0.42035381846999625 7.4061977060772630e+00 16.796224148282178 121.01831683767898   
51 1173 0.2371835125545166 1.0167552145359395 0.42035381846999625 6.5073556885967756e+00 17.622095709020336 129.61640549624838   
52 1196 0.23668752675455879 1.0167552145359395 0.42035381846999625 8.3279132618078489e+00 16.19578039781011 130.09529705145147   
53 1219 0.23621826617743674 1.0167552145359395 0.42035381846999625 3.7199586619964555e+00 14.605516457926456 117.4858803071541   
54 1242 0.2357486362029537 1.0167552145359395 0.42035381846999625 5.5356366453710981e+00 15.959217162391814 117.38867142416723   
55 1265 0.23527420039859964 1.0197952464528908 0.42035381846999625 6.0430147454881373e+00 13.826631001237764 129.36244092700755   
56 1288 0.23480114483517062 1.0197952464528908 0.42035381846999625 4.5416722581529454e+00 10.999016032210871 121.77772874153467   
57 1311 0.23432689072013935 1.0197952464528908 0.42035381846999625 5.0707962714086028e+00 16.825504096612963 122.55841796264674   
58 1334 0.23383696195791134 1.0197952464528908 0.42035381846999625 4.4030425635483175e+00 14.915681823904968 125.41598237582917   
59 1357 0.23335583790123113 1.0197952464528908 0.42035381846999625 3.3802262687497007e+00 15.52693100233315 127.80868342666017   
60 1380 0.23288844539617093 1.0197952464528908 0.42035381846999625 2.2239011820672707e+00 12.965406304823224 130.63598617391042   
61 1403 0.232439731111713 1.0227776893990466 0.42035381846999625 2.4407494450093608e+00 13.315090867636435 131.3513532404937   
62 1426 0.23199739979397868 1.0227776893990466 0.21946769276509454 2.1946769276509454e-01 14.662867314644151 137.3752944055622   
63 1449 0.2315628437723238 1.0227776893990466 0.21946769276509454 3.7974358082066031e+00 14.390179368188624 136.21478512925276   
64 1472 0.23114315945827554 1.0227776893990466 -2.060369701971592 -2.0603697019715921e+00 12.521923162775797 127.94620838431206   
65 1495 0.23072437236944182 1.0227776893990466 -2.060369701971592 3.3016903721479318e-01 15.32290005831049 112.42326795257381   
66 1518 0.23031395804430047 1.0227776893990466 -2.060369701971592 4.0992153545307630e+00 18.324749902676174 128.6003224888264   
67 1541 0.22992643047094585 1.025878190962886 -2.060369701971592 5.8672642512712825e+00 14.501600648409399 109.36782284497595   
68 1564 0.22958705959811382 1.025878190962886 -2.060369701971592 3.9943818902659706e-01 9.375140034565105 121.3829083320722   
69 1587 0.22925266934935928 1.025878190962886 -2.060369701971592 3.0265301364641717e+00 9.05766837864122 25.867402053929812   
70 1610 0.22893104071238257 1.025878190962886 -2.060369701971592 5.2241001796387110e+00 14.214906459340192 133.2518099627911   
71 1633 0.2286317244840478 1.025878190962886 -2.060369701971592 5.8804895418571712e-01 14.956578268773216 119.05160380391031   
72 1656 0.22831361451202684 1.025878190962886 -2.060369701971592 2.9634377650705468e+00 14.224286636861725 133.4642236442889   
73 1679 0.22802120184522576 1.0291033643324736 -2.060369701971592 2.0862979779622268e+00 10.981897691087802 126.38131899722046   
74 1702 0.22772865657019384 1.0291033643324736 -2.060369701971592 1.0684048027812212e+00 15.09167926126844 118.81230993802413   
75 1725 0.22744235236279417 1.0291033643324736 -2.060369701971592 2.0194371418003088e+00 14.902569301151917 122.66994423868259   
76 1748 0.22714378820027134 1.0291033643324736 -2.060369701971592 -3.2457690138493583e-01 14.168854196200778 121.85114607072684   
77 1771 0.22683084806581907 1.0291033643324736 -2.060369701971592 2.3360121665771216e-01 11.743659355994337 126.65765736422937   
78 1794 0.22653816963738851 1.0291033643324736 -2.060369701971592 4.9240296292826669e+00 19.055037021515275 128.84055729677468   
79 1817 0.22626876883855582 1.032523439460886 -2.060369701971592 -6.9828235985706782e-02 11.470441845988857 138.42637693872177   
80 1840 0.22600011152737273 1.032523439460886 -3.2933990895350704 -3.2933990895350704e+00 9.328378083113602 42.86335484850085   
81 1863 0.2257514405910326 1.032523439460886 -3.2933990895350704 -2.3598901238013155e+00 11.795003371392095 132.67601410881306   
82 1886 0.22548790173512695 1.032523439460886 -3.2933990895350704 4.4693372819449190e-01 7.902790643719964 113.26416540195669   
83 1909 0.22526027393386272 1.032523439460886 -3.2933990895350704 -1.7950113720241800e+00 13.932017357015445 131.6261596586549   
84 1932 0.22501145852999183 1.032523439460886 -3.2933990895350704 4.1139579835583726e+00 12.090345343988414 125.22915883740163   
85 1955 0.224780596032453 1.0361286942860657 -3.2933990895350704 4.8012654670967345e+00 11.29326043025406 132.9354057523186   
86 1978 0.22457339057042794 1.0361286942860657 -3.2933990895350704 -7.5765564349292713e-01 11.69897213748845 26.08017866218462   
87 2001 0.2243715671771595 1.0361286942860657 -3.2933990895350704 1.0087957946515373e+00 10.012341275038843 112.0708494918036   
88 2024 0.2241745120252503 1.0361286942860657 -3.2933990895350704 2.8633202586062292e+00 9.543196119398518 24.598305459900427   
89 2047 0.2239811628737839 1.0361286942860657 -3.2933990895350704 1.9360889465610158e+00 8.648938381886133 19.863960701666745   
90 2070 0.22376994148496415 1.0361286942860657 -3.2933990895350704 2.4863639352284399e+00 11.901079717634271 133.93305936909155   
91 2093 0.22357430086973498 1.039918628467585 -3.2933990895350704 -5.0026514542955924e-01 7.740397514102365 123.91320506550248   
92 2116 0.22334789218007475 1.039918628467585 -3.2933990895350704 1.8690414152493107e+00 10.89377689671704 123.22796506291627   
93 2139 0.22315085550946523 1.039918628467585 -3.2933990895350704 -4.2490391752557122e-01 11.334224590499586 132.74416545027495   
94 2162 0.2229604207603771 1.039918628467585 -3.2933990895350704 5.4317541164302625e+00 13.237202824108321 133.47692617612114   
95 2185 0.2227585885952703 1.039918628467585 -3.2933990895350704 5.8752368576514813e-01 12.218287358324332 126.47690376666498   
96 2208 0.22257018539761142 1.039918628467585 -3.2933990895350704 -9.6320544004501230e-01 7.674619934242867 102.3964402449721   
97 2231 0.2223952258158507 1.0438111203393265 -3.2933990895350704 3.4195283071734024e+00 11.740972110047338 132.66058150804042   
98 2254 0.22220591312278826 1.0438111203393265 -3.2933990895350704 -6.8343141882306702e-01 10.68944045670954 117.3148425517256   
99 2277 0.22203632182528205 1.0438111203393265 -3.2933990895350704 -2.3232610422242490e+00 12.020004973535785 110.77609633132133   
100 2300 0.22186306462341202 1.0438111203393265 -3.2933990895350704 2.8106166598256705e+00 8.464231898793987 125.45050900445136   
101 2323 0.22168768242979797 1.0438111203393265 -3.2933990895350704 -4.2588771356517108e-01 5.982964056900394 121.13030973868509   
102 2346 0.22151120641624966 1.0438111203393265 -3.2933990895350704 1.4561887398275326e+00 14.400150059930377 114.28509988683338   
103 2369 0.22135546380117171 1.0476496481984143 -3.2933990895350704 -4.9386472162603834e-01 9.77607212739998 119.91194251846213   
104 2392 0.22120017445024798 1.0476496481984143 -3.2933990895350704 -3.2621722102587287e+00 10.67289473952418 108.6624395595609   
105 2415 0.2210580586894909 1.0476496481984143 -3.2933990895350704 -1.4131999652602982e+00 10.955794515208055 128.6828394384136   
106 2438 0.22091399555571187 1.0476496481984143 -3.2933990895350704 -2.8961067191797034e+00 12.571620411427705 135.19942689385817   
107 2461 0.22079079494165318 1.0476496481984143 -5.908357348155831 -5.9083573481558309e+00 13.426830150508069 132.0166868550405   
108 2484 0.22068089681672548 1.0476496481984143 -5.908357348155831 -1.9783479318773829e+00 10.46795670833441 132.32980606301686   
109 2507 0.2205585110337013 1.0516409908451725 -5.908357348155831 2.5251576551391497e+00 13.821108573198352 129.50271089033038   
110 2530 0.2204376579994426 1.0516409908451725 -5.908357348155831 -3.0701168950889319e+00 8.136162509494792 110.70027708582147   
111 2553 0.22031448291418382 1.0516409908451725 -5.908357348155831 2.8005952537581442e+00 16.428389665036146 137.25198995797462   
112 2576 0.22018631334515404 1.0516409908451725 -5.908357348155831 -1.9341861056815892e+00 10.491063704249141 129.83723094646444   
113 2599 0.2200673224696204 1.0516409908451725 -5.908357348155831 9.6886421476802365e-01 10.620221912282831 138.05590916553263   
114 2622 0.2200006329965238 1.0516409908451725 -5.908357348155831 1.2099667249750363e+00 9.393681620461866 118.5049424158608   
115 2645 0.21993536755634338 1.055870006448295 -5.908357348155831 -2.7199488402400034e+00 8.804876330677443 127.9285774533873   
116 2668 0.21986977233071406 1.055870006448295 -5.908357348155831 -2.5753364606629909e+00 10.682971441483016 135.137053904267   
117 2691 0.2197970156676426 1.055870006448295 -5.908357348155831 1.9913293544743391e+00 11.204385483773418 116.85099563834568   
118 2714 0.21972389422160293 1.055870006448295 -5.908357348155831 -2.0049372078801011e+00 9.964017377318218 124.98418251199587   
119 2737 0.21964608321369758 1.055870006448295 -13.990407010386372 -1.3990407010386372e+01 6.545178967500736 126.54833554283344   
120 2760 0.21959068224465242 1.055870006448295 -13.990407010386372 -4.5513760702199964e+00 8.20437698829797 114.29981496577588   
121 2783 0.21951830711092293 1.0602194224683166 -13.990407010386372 -4.7521934903866088e+00 6.766801655878034 114.67818250398835   
122 2806 0.21944376278834643 1.0602194224683166 -13.990407010386372 -7.1275308252349365e+00 7.965186304229647 139.76820317512679   
123 2829 0.2193787446399172 1.0602194224683166 -13.990407010386372 -8.3436561003494791e+00 10.910031000872488 125.82465600316536   
124 2852 0.21931650157108015 1.0602194224683166 -13.990407010386372 -6.1153688012851868e+00 8.356522792752857 121.96554290461603   
125 2875 0.21925005129664538 1.0602194224683166 -13.990407010386372 -8.2975059643945503e-01 14.407923011648188 121.8738472098677   
126 2898 0.21919107656138717 1.0602194224683166 -13.990407010386372 -4.6992893773062621e+00 12.9111343117605 133.89189113922228   
127 2921 0.21916741940774037 1.0647165382279387 -13.990407010386372 -1.1058657499626877e+01 5.65699676373913 107.39091269988505   
128 2944 0.21917854682862287 1.0647165382279387 -13.990407010386372 -5.8704657912806759e+00 7.1893935460405025 115.15486006602458   
129 2967 0.21915864429703213 1.0647165382279387 -13.990407010386372 -7.8267475927136623e+00 7.65745667146273 118.85588424379691   
130 2990 0.21914803528392765 1.0647165382279387 -13.990407010386372 -1.0025044549627836e+01 9.027477376030786 135.00613108653883   
131 3013 0.21910887073485655 1.0647165382279387 -13.990407010386372 -1.1072129222319740e+01 10.2521284508873 122.06752589030067   
132 3036 0.21908289747803783 1.0647165382279387 -13.990407010386372 -3.7524441135867068e+00 8.88515522260779 125.87715580280751   
133 3059 0.2190377497190101 1.0693105319679839 -13.990407010386372 -1.1368667422175381e+01 3.869855835018082 114.05120039031779   
134 3082 0.2190122796613378 1.0693105319679839 -13.990407010386372 -3.4826943837267441e+00 6.723866911110179 120.47413376486986   
135 3105 0.21900983151154227 1.0693105319679839 -13.990407010386372 -8.1378598121671413e+00 1.6440324910972435 119.44071534133144   
136 3128 0.21898052798151044 1.0693105319679839 -13.990407010386372 -2.4667376339211846e+00 8.276687506663944 116.77734911579452   
137 3151 0.21895718221000626 1.0693105319679839 -13.990407010386372 -6.6811477023524386e+00 7.9791351814326 126.56781609873661   
138 3174 0.21893351946792333 1.0693105319679839 -13.990407010386372 -6.1992919395081465e+00 9.436515948451463 113.08504936760542   
139 3197 0.21891127801061208 1.073898858265282 -13.990407010386372 -1.0273055861509079e+01 13.454247266533471 121.23801574023318   
140 3220 0.2188766425267602 1.073898858265282 -13.990407010386372 -1.3737828441559005e+01 6.060546211597843 119.87015947751328   
141 3243 0.2188643087303322 1.073898858265282 -16.099883731910936 -1.6099883731910936e+01 6.04293166566456 119.11930535600334   
142 3266 0.21884581630208363 1.073898858265282 -16.099883731910936 -1.2510528807469930e+01 6.653881974931831 120.25010771693167   
143 3289 0.21882984395513877 1.073898858265282 -16.099883731910936 -1.2997007650998713e+01 2.8013578819235385 115.74454754071807   
144 3312 0.21883317897977428 1.073898858265282 -18.358497248169634 -1.8358497248169634e+01 4.822717098926523 121.34589890878337   
145 3335 0.21885049090381695 1.0786097199942508 -18.358497248169634 -1.5825405398818949e+01 3.3064792730597334 116.327681097713   
146 3358 0.21884222040142984 1.0786097199942508 -18.358497248169634 -1.8265581571904949e+01 11.662254564574633 116.48513517744715   
147 3381 0.21882851361935354 1.0786097199942508 -18.358497248169634 -1.3619322469215824e+01 96.011098755138 130.12202248721385   
148 3404 0.21879705194241955 1.0786097199942508 -18.358497248169634 -1.4666918879038940e+01 2.205155900771434 131.53630393869366   
149 3427 0.21877008935302475 1.0786097199942508 -18.358497248169634 -1.5885541127425912e+01 100.45870208408188 118.21139391079359   
150 3450 0.21874714063795664 1.0786097199942508 -18.358497248169634 -1.3562714632932691e+01 0.3711176715723199 117.13380618245839   
151 3473 0.2187030160301645 1.0834278789083465 -18.358497248169634 -1.7183076829954338e+01 4.227799854785844 113.18340902661532   
152 3496 0.2186631648546428 1.0834278789083465 -18.358497248169634 -1.4638312353566882e+01 7.424560260744168 116.94852453463588   
153 3519 0.21861856522360743 1.0834278789083465 -19.521193959036253 -1.9521193959036253e+01 2.366382640374221 119.11857459933188   
154 3542 0.21859294224674922 1.0834278789083465 -20.66767288925807 -2.0667672889258071e+01 0.5491147475255289 115.786727646575   
155 3565 0.21856015772766843 1.0834278789083465 -20.66767288925807 -1.4752004999533899e+01 2.8210947631752954 128.0288402516376   
156 3588 0.21851869573001786 1.0834278789083465 -20.66767288925807 -1.7166382510995497e+01 5.507015204049049 134.70061451871135   
157 3611 0.21848350895819507 1.0881256468212523 -20.66767288925807 -1.4488793559502167e+01 3.1110608572109495 107.77012320746793   
158 3634 0.21844731833965012 1.0881256468212523 -20.66767288925807 -1.5992250921150035e+01 0.2561135848959475 108.50652606748791   
159 3657 0.21840231903833643 1.0881256468212523 -20.66767288925807 -1.6382302828170371e+01 -2.82787521433083 113.12754048541065   
160 3680 0.21833409455860386 1.0881256468212523 -21.702061824598022 -2.1702061824598022e+01 -1.9892855405670675 119.47792577898937   
161 3703 0.21828612123248245 1.0881256468212523 -21.702061824598022 -1.9595835491954681e+01 -3.8028879197804684 104.97198318332559   
162 3726 0.2182201032035506 1.0881256468212523 -21.702061824598022 -1.8174865517340578e+01 -0.9929415554540686 112.34602641626324   
163 3749 0.21813710146006582 1.0927750235630218 -21.702061824598022 -1.3184970210270304e+01 1.8191527187600873 127.69085570527179   
164 3772 0.21802949268193553 1.0927750235630218 -21.702061824598022 -1.0547642404913875e+01 -0.31901944506477137 116.49720410906463   
165 3795 0.2179264111446743 1.0927750235630218 -21.702061824598022 -2.0160750467243908e+01 -1.3680839507995617 120.42275862268359   
166 3818 0.21783622846056092 1.0927750235630218 -21.702061824598022 -1.8604280363942799e+01 0.612094750242321 122.59463270063883   
167 3841 0.21772812199302755 1.0927750235630218 -21.702061824598022 -1.4383896309580010e+01 -0.4890163027780535 114.19717669878032   
168 3864 0.21762786527766786 1.0927750235630218 -21.702061824598022 -1.5935723088596012e+01 -4.273821123493198 117.58005148216401   
169 3887 0.21751701285552844 1.0972201109721869 -21.702061824598022 -1.8952277259457865e+01 -3.6972782430934217 111.72433010948512   
170 3910 0.21745852261037912 1.0972201109721869 -21.702061824598022 -1.8488964879391077e+01 -4.929963835035128 98.37947961546172   
171 3933 0.21738837997604352 1.0972201109721869 -21.702061824598022 -1.7956409961324155e+01 -5.374819248909107 114.05440258399709   
172 3956 0.21730848008308518 1.0972201109721869 -21.702061824598022 -1.8789310283946463e+01 -4.469879741390527 115.16047513405049   
173 3979 0.21723300735030282 1.0972201109721869 -21.702061824598022 -1.9487048479653861e+01 -3.3128991635727254 113.43201683921119   
174 4002 0.21714550539226748 1.0972201109721869 -21.702061824598022 -2.0129708223236698e+01 -5.100473784840962 123.05305450889344   
175 4025 0.2170292120416009 1.101631643496658 -21.702061824598022 -1.9679199885128675e+01 -4.9217015903709855 114.67025240444393   
176 4048 0.21689874030790882 1.101631643496658 -21.702061824598022 -1.4545273703140486e+01 -3.6740009054566203 115.27607277355592   
177 4071 0.21678986918414528 1.101631643496658 -21.702061824598022 -1.8419712624318262e+01 -2.908394545846288 103.93418342075746   
178 4094 0.21669432316069767 1.101631643496658 -21.702061824598022 -1.8174454456790638e+01 -6.071437740386127 108.1799619224618   
179 4117 0.21660274378921487 1.101631643496658 -21.702061824598022 -1.4791955012115935e+01 -7.862846458400271 105.28464101180002   
180 4140 0.21650421198761063 1.101631643496658 -21.702061824598022 -1.6491596533983930e+01 -7.405208634347321 118.01618995940126   
181 4163 0.21638496098452137 1.1059635582331468 -21.702061824598022 -1.8211884423238519e+01 -9.420114645626374 102.16507320407283   
182 4186 0.2162540613003131 1.1059635582331468 -21.702061824598022 -1.6160683973792306e+01 -4.70691124382116 116.77192171388803   
183 4209 0.2161302479362115 1.1059635582331468 -21.702061824598022 -1.5214725198895948e+01 -6.536887756389851 111.93437754403365   
184 4232 0.216024935729644 1.1059635582331468 -23.24466436708655 -2.3244664367086550e+01 -5.610078238199135 113.64225071860044   
185 4255 0.21592427900375008 1.1059635582331468 -23.24466436708655 -1.6515884232552704e+01 -7.138307752351563 113.44206243105234   
186 4278 0.215828651260753 1.1059635582331468 -23.24466436708655 -1.8829421908159418e+01 -3.0698422874447946 112.623032100056   
187 4301 0.2157387992359188 1.1102461201812053 -23.24466436708655 -1.7794841862831884e+01 -0.11334024375302307 112.92640472706036   
188 4324 0.2156398470167623 1.1102461201812053 -23.24466436708655 -2.2741389020209510e+01 -4.62240973168857 104.68800075766445   
189 4347 0.21558163882099066 1.1102461201812053 -23.24466436708655 -1.5113234202201184e+01 -2.5777890475379692 112.69519665496053   
190 4370 0.2155312215713158 1.1102461201812053 -23.24466436708655 -2.0338971922791238e+01 -8.95867866047904 101.04253231666611   
191 4393 0.21546882139587373 1.1102461201812053 -23.24466436708655 -1.7871389376819131e+01 4.359464291673802 122.45583990244444   
192 4416 0.2154125058153096 1.1102461201812053 -23.24466436708655 -1.6890499035609260e+01 25.7020404670356 108.27217416961305   
193 4439 0.21534533599631928 1.1143174873497954 -23.24466436708655 -1.8420035124242915e+01 -3.8415902397048667 113.70629516798382   
194 4462 0.21526451284102666 1.1143174873497954 -23.24466436708655 -1.5227553359206736e+01 0.4812663565532852 133.0635677628753   
195 4485 0.2151939052785583 1.1143174873497954 -23.24466436708655 -2.0178641880730787e+01 -1.1012177541808377 107.08070023675015   
196 4508 0.215136001875156 1.1143174873497954 -23.24466436708655 -2.2169721006885162e+01 -2.1413078313631058 106.66741389738769   
197 4531 0.21509292872727892 1.1143174873497954 -23.24466436708655 -2.2819541197460797e+01 0.22298894610941156 107.81299527288787   
198 4554 0.2150369258192609 1.1143174873497954 -23.24466436708655 -2.1486606272745249e+01 4.875574023290874 107.42275203679938   
199 4577 0.21494954713320388 1.1182812010436243 -23.24466436708655 -1.6592476587373145e+01 17.72050803259451 124.27880852450122   
200 4600 0.2148544533449852 1.1182812010436243 -23.24466436708655 -1.5786564208071672e+01 -0.418311438953485 110.70233501618357   
201 4623 0.21477831585285295 1.1182812010436243 -23.24466436708655 -1.2767611283940548e+01 -6.252274696369946 137.55374413222629   
202 4646 0.21469384878744707 1.1182812010436243 -23.24466436708655 -1.7873507525543353e+01 -7.249393077733597 109.98647396500719   
203 4669 0.21460155308395 1.1182812010436243 -23.24466436708655 -2.0620131374206412e+01 -5.946810405253716 112.57507811746623   
204 4692 0.21448957724737988 1.1182812010436243 -23.24466436708655 -1.5007911941670478e+01 -4.026673647481309 122.35938096535392   
205 4715 0.2143510190383668 1.1221298513465245 -23.24466436708655 -2.1450264409900345e+01 12.943088016978807 115.65526500345891   
206 4738 0.21419152113534679 1.1221298513465245 -23.24466436708655 -1.2548916990934531e+01 13.29927109893973 111.04167289315536   
207 4761 0.2140307308493432 1.1221298513465245 -23.24466436708655 -1.8229979783613253e+01 1.4375635168471903 115.56833737399494   
208 4784 0.2138601919944408 1.1221298513465245 -23.24466436708655 -1.9970770441551998e+01 -1.551853226761618 114.04587352462922   
209 4807 0.21369880887995957 1.1221298513465245 -24.757385247347266 -2.4757385247347266e+01 -12.168115267043293 106.43639756855742   
210 4830 0.21352381486237398 1.1221298513465245 -24.757385247347266 -2.3139891366877340e+01 -3.487976521739713 106.74074457648335   
211 4853 0.21334681515328233 1.1256591386383907 -24.757385247347266 -2.0696561771934213e+01 2.133044742441452 117.22720251267404   
212 4876 0.2131653878759108 1.1256591386383907 -24.757385247347266 -2.4027347528815906e+01 -5.813519097188475 102.22258993256776   
213 4899 0.21298418400273258 1.1256591386383907 -24.757385247347266 -2.4406441454595559e+01 -3.8299026763991573 105.0334688719002   
214 4922 0.21278278399089012 1.1256591386383907 -24.757385247347266 -2.0399385908201339e+01 -7.376499602279294 106.14898690492971   
215 4945 0.21259202102216185 1.1256591386383907 -24.757385247347266 -2.0420153903827696e+01 -4.078628582857526 103.6104133575776   
216 4968 0.21240669836847778 1.1256591386383907 -24.757385247347266 -1.8128680125928160e+01 -0.4697106489650651 122.83646344806564   
217 4991 0.21224362151251322 1.1292401850722804 -24.757385247347266 -2.2407935129348836e+01 10.087840062530125 106.81884629379213   
218 5014 0.21212830966200194 1.1292401850722804 -24.757385247347266 -1.8276091591815767e+01 -6.787195996063424 103.74508027277703   
219 5037 0.21200805411507975 1.1292401850722804 -24.757385247347266 -2.1482714834064279e+01 -3.131649334009717 99.56513983772572   
220 5060 0.2118935279914137 1.1292401850722804 -24.757385247347266 -2.2008247372892367e+01 0.152424660233799 104.91241324274615   
221 5083 0.2117592164633585 1.1292401850722804 -24.757385247347266 -1.7716511889541493e+01 -0.3469917699719265 106.38450125016149   
222 5106 0.2116267068968109 1.1292401850722804 -24.757385247347266 -2.3430801266079762e+01 -4.745656416597442 123.46399278956343   
223 5129 0.21149788881468945 1.1329165112044026 -24.757385247347266 -2.4171109272787390e+01 -4.320281196132899 106.75631656905264   
224 5152 0.2113570286594131 1.1329165112044026 -24.757385247347266 -2.3325807831634432e+01 -3.3044635034178453 100.58386379840101   
225 5175 0.2112212004296245 1.1329165112044026 -24.757385247347266 -2.4368490199578318e+01 -14.518348076606141 99.50706049175251   
226 5198 0.21108550283239366 1.1329165112044026 -24.757385247347266 -1.8937717083415624e+01 -2.405785171372788 109.01919401357324   
227 5221 0.21094622655329828 1.1329165112044026 -24.757385247347266 -2.0143420682716478e+01 1.1685375502811302 107.67428394070765   
228 5244 0.2108265085776659 1.1329165112044026 -24.757385247347266 -1.8166350153783924e+01 -5.668818433580275 107.1508172343392   
229 5267 0.21069826647186973 1.1364364871787178 -24.757385247347266 -1.7361722869905304e+01 93.90971862444842 108.57785770855908   
230 5290 0.21056766531029789 1.1364364871787178 -24.757385247347266 -1.7217657490393130e+01 -3.321051329255078 122.25341537868916   
231 5313 0.21044995282105933 1.1364364871787178 -24.757385247347266 -1.5480212844514568e+01 -5.904994945617988 101.43590737556109   
232 5336 0.21035604899270072 1.1364364871787178 -24.757385247347266 -1.1828101982363783e+01 -4.526477864325642 107.83687513592096   
233 5359 0.2102583904380036 1.1364364871787178 -24.757385247347266 -1.6361759041364596e+01 -5.515478764739484 112.3519007688202   
234 5382 0.2101744726676857 1.1364364871787178 -24.757385247347266 -1.9747226517625744e+01 -4.217920852113486 110.97643912254958   
235 5405 0.21009607046953527 1.1399230019770636 -24.757385247347266 -2.0932353483391275e+01 92.82894500077144 109.46550602981759   
236 5428 0.21000301008044794 1.1399230019770636 -24.757385247347266 -1.7780837946022519e+01 90.48452128881965 109.2293384100056   
237 5451 0.20991990161352395 1.1399230019770636 -24.757385247347266 -1.9251808297804221e+01 -3.7275463856446063 107.30932202255043   
238 5474 0.2098427859434949 1.1399230019770636 -24.757385247347266 -1.7319349466162397e+01 93.11857684278924 108.99880677689427   
239 5497 0.20976933514341858 1.1399230019770636 -24.757385247347266 -1.9111666657381349e+01 -1.3959157259917214 107.59540704799383   
240 5520 0.2097235410800046 1.1399230019770636 -24.757385247347266 -1.4462004630943737e+01 -5.933025418631713 114.3940226370711   
241 5543 0.2096643723611858 1.1432816076854946 -24.757385247347266 -1.7112743376823122e+01 -0.7789642248923382 111.5557771370529   
242 5566 0.20959885842351836 1.1432816076854946 -24.757385247347266 -1.7538365597398915e+01 3.4494609560426603 105.83622762104189   
243 5589 0.20952577481425563 1.1432816076854946 -24.757385247347266 -1.6330615869279917e+01 94.63516221754627 117.1992311140628   
244 5612 0.2094289383000852 1.1432816076854946 -24.757385247347266 -1.7979629347991175e+01 88.90385679923124 115.81040280261573   
245 5635 0.20935097318237295 1.1432816076854946 -24.757385247347266 -1.5162499225644385e+01 1.7161050771115025 107.16360459798514   
246 5658 0.20930082881204212 1.1432816076854946 -24.757385247347266 -2.0324058330225466e+01 -1.4784474779056738 108.31498852430224   
247 5681 0.20925101395009982 1.1465473453826154 -24.757385247347266 -2.0692842755210251e+01 -4.056835227319331 116.7279336575543   
248 5704 0.2092091749882278 1.1465473453826154 -24.757385247347266 -1.9279610812526801e+01 -7.026826380578781 106.54132297028913   
249 5727 0.20915311290403044 1.1465473453826154 -24.757385247347266 -1.8114737232128139e+01 -7.483359251574283 107.77402895381613   
250 5750 0.20909612131188052 1.1465473453826154 -24.757385247347266 -1.8933667817552248e+01 -3.654379997680561 105.33517366929229   
251 5773 0.2090469852973085 1.1465473453826154 -24.757385247347266 -2.2668728251722307e+01 -3.089552429710185 112.66838421691332   
252 5796 0.2089979386860854 1.1465473453826154 -24.757385247347266 -2.0557427636443940e+01 93.24079079909376 109.42358346867066   
253 5819 0.20895899743586138 1.1497317499618456 -24.757385247347266 -1.8230384013222530e+01 93.42148157939441 108.46798304739843   
254 5842 0.20891695997924248 1.1497317499618456 -24.757385247347266 -1.6704256824148796e+01 88.23505585248958 106.49753476323374   
255 5865 0.20887791550376583 1.1497317499618456 -24.757385247347266 -1.7227895345936201e+01 15.03350016776538 107.26003882206668   
256 5888 0.20884876811743008 1.1497317499618456 -24.757385247347266 -1.5198288464058781e+01 93.12692044706768 111.6051887159776   
257 5911 0.20878624703840595 1.1497317499618456 -24.757385247347266 -1.9692754190267955e+01 96.08585698667791 111.22703426407527   
258 5934 0.20871844781990048 1.1497317499618456 -24.757385247347266 -1.8635297228399018e+01 -1.7511613186200203 111.64419207626956   
259 5957 0.20863569350688052 1.1530004486761136 -24.757385247347266 -1.4900585932199503e+01 0.5419697437081666 116.0416154575851   
260 5980 0.20853559413796788 1.1530004486761136 -24.757385247347266 -1.7921314800864682e+01 90.66035341101141 124.75490828890466   
261 6003 0.20844734674451823 1.1530004486761136 -24.757385247347266 -1.7512561700615400e+01 -3.4064152512717687 106.0977578701433   
262 6026 0.20838362415034287 1.1530004486761136 -24.757385247347266 -1.5843339499915617e+01 2.5212624765516725 107.46292553977298   
263 6049 0.20832722414479965 1.1530004486761136 -24.757385247347266 -1.7869486689016206e+01 -8.161050884538612 111.70663291635738   
264 6072 0.20823687760245907 1.1530004486761136 -24.757385247347266 -1.5339674713062090e+01 -1.8153501479488865 110.14845943680655   
265 6095 0.20813318008335385 1.1561923631038526 -24.757385247347266 -2.2293025429901331e+01 -9.031603628894292 122.19199058648076   
266 6118 0.20804364818889967 1.1561923631038526 -24.757385247347266 -1.7919485325026667e+01 90.0460422000643 122.05145164446958   
267 6141 0.20795394734437667 1.1561923631038526 -24.757385247347266 -2.0973380006089819e+01 -11.579614315213602 104.3260697520903   
268 6164 0.20787676612213818 1.1561923631038526 -24.757385247347266 -1.9285903267102302e+01 -4.231338951821727 108.68541223623171   
269 6187 0.20778523895775838 1.1561923631038526 -24.757385247347266 -2.1121401832408591e+01 3.0705749251445438 126.8349633310282   
270 6210 0.207699019800665 1.1561923631038526 -24.757385247347266 -2.3284447350349293e+01 -3.841200919054426 107.46440855794525   
271 6233 0.20759364306118586 1.1593339253101675 -24.757385247347266 -2.0663616602367391e+01 -8.319802922369265 117.86717801552763   
272 6256 0.20747769810748767 1.1593339253101675 -24.757385247347266 -2.0906492280653978e+01 -8.397128752451978 106.67068332424388   
273 6279 0.20736446071837822 1.1593339253101675 -24.757385247347266 -1.7868131768543879e+01 -9.727734684749162 110.28659256895074   
274 6302 0.2072473039056234 1.1593339253101675 -24.757385247347266 -2.0601551200440138e+01 -13.027153991461397 102.33869784596874   
275 6325 0.20715324497683535 1.1593339253101675 -24.757385247347266 -1.8332494012463190e+01 -9.440739225711646 104.80109595473483   
276 6348 0.20706457874092382 1.1593339253101675 -24.757385247347266 -2.2012728596046568e+01 -9.999303754604082 105.01740620097208   
277 6371 0.2069865563389926 1.1625543909726257 -24.757385247347266 -1.9894657088321324e+01 -9.89628431587912 109.01776764856032   
278 6394 0.20691634740077247 1.1625543909726257 -24.757385247347266 -2.0704852947990730e+01 -1.1803878471143239 106.99710390230021   
279 6417 0.2068865331538486 1.1625543909726257 -24.757385247347266 -2.1130757463750751e+01 -11.463581469876043 100.23869016819634   
280 6440 0.20686537971836982 1.1625543909726257 -24.757385247347266 -2.2000090276672221e+01 -11.556117088184354 104.1983303472406   
281 6463 0.2068427207955425 1.1625543909726257 -24.757385247347266 -1.8593983313669746e+01 -7.68092281171056 105.80019392397628   
282 6486 0.20679762578728927 1.1625543909726257 -24.757385247347266 -2.0509954185572134e+01 -10.785819673343841 106.07528854309211   
283 6509 0.20673078526959732 1.1657647680042347 -24.757385247347266 -1.8526728308026989e+01 -4.213367045533513 107.37132673939008   
284 6532 0.2066629186026834 1.1657647680042347 -24.757385247347266 -2.1420696822086985e+01 -9.50915596979109 110.87253459650032   
285 6555 0.20657622383069996 1.1657647680042347 -24.757385247347266 -2.0133104684875672e+01 -9.986230157488308 108.3343933958101   
286 6578 0.20649445516060708 1.1657647680042347 -24.757385247347266 -2.0091191047592073e+01 -1.4219387439911353 110.25540319456721   
287 6601 0.20642339607732912 1.1657647680042347 -24.757385247347266 -1.7985257090566034e+01 -8.690017327460131 105.38429649557733   
288 6624 0.2063504408412847 1.1657647680042347 -24.757385247347266 -1.8625236477103702e+01 -8.03273052757293 105.17904917432679   
289 6647 0.20630227268225185 1.1688848291798934 -24.757385247347266 -1.9273149369765665e+01 -8.96897609741984 108.42737639419177   
290 6670 0.20627690194639406 1.1688848291798934 -24.757385247347266 -1.9853309322812926e+01 -8.829129515167299 114.80974244476235   
291 6693 0.20624190315445215 1.1688848291798934 -24.757385247347266 -2.2647450747040438e+01 -11.774170210694239 110.11140486229522   
292 6716 0.206197793581944 1.1688848291798934 -24.757385247347266 -2.3086822906923786e+01 0.21401711041233554 109.56352801364785   
293 6739 0.20618471947140674 1.1688848291798934 -24.757385247347266 -1.8038752215374235e+01 -7.8676871131552755 109.39132717043474   
294 6762 0.2061751001464738 1.1688848291798934 -24.757385247347266 -1.9802935302595884e+01 -8.830655387274282 115.15540646139037   
295 6785 0.2061641655570091 1.172228583175395 -24.757385247347266 -2.0316169546023641e+01 88.77002338834295 110.6848294660592   
296 6808 0.2061607641605788 1.172228583175395 -24.757385247347266 -1.8109163048909341e+01 -4.522013861014794 114.4994255272622   
297 6831 0.2061500069818552 1.172228583175395 -24.757385247347266 -1.8657944045183534e+01 -7.426168987379695 102.86195766929042   
298 6854 0.20614489052791868 1.172228583175395 -24.757385247347266 -1.7908308541446299e+01 -7.396509430119117 107.61918572408584   
299 6877 0.20612325739119652 1.172228583175395 -24.757385247347266 -1.9874798727537172e+01 -8.020744431680045 110.90248242026568   
300 6900 0.20611297953085847 1.172228583175395 -24.757385247347266 -2.2968498193116240e+01 -8.00037597577396 106.6339555263743   
301 6923 0.20607824691787996 1.175549892891895 -24.757385247347266 -2.3821434105378916e+01 -14.800018711469415 110.38528145383734   
302 6946 0.20605283982239328 1.175549892891895 -24.757385247347266 -2.0593318040105185e+01 98.03936961189783 111.60058323499003   
303 6969 0.20600656553160118 1.175549892891895 -24.757385247347266 -2.0726304278199272e+01 -9.223254657502569 108.0199130612879   
304 6992 0.20597561727718636 1.175549892891895 -24.757385247347266 -1.5248016359373905e+01 96.81276648174538 111.45486305127356   
305 7015 0.20592383456458752 1.175549892891895 -24.757385247347266 -2.2267072692696608e+01 -5.925269919625158 114.11327798682639   
306 7038 0.20584607407646366 1.175549892891895 -24.757385247347266 -2.2019948278288059e+01 -7.456419171893328 113.42687635158623   
307 7061 0.2057660037750141 1.1788695359268346 -24.757385247347266 -1.9279501594327360e+01 -4.36507775890577 106.6471828301934   
308 7084 0.20567195925201273 1.1788695359268346 -24.757385247347266 -2.0177972170708692e+01 -6.263999572727187 111.63158585890322   
309 7107 0.2055844896363009 1.1788695359268346 -24.757385247347266 -1.9626639956037174e+01 -5.723888642521548 105.27240364731848   
310 7130 0.20549128141782463 1.1788695359268346 -24.757385247347266 -1.9789751748069477e+01 -5.4029418207897235 108.36755380191842   
311 7153 0.20537656466614299 1.1788695359268346 -24.757385247347266 -2.0210734744702798e+01 -8.501806768871194 109.48782140264103   
312 7176 0.2052563536065478 1.1788695359268346 -24.757385247347266 -1.9615052858886600e+01 92.85303702907638 107.56508330007892   
313 7199 0.20511536867217897 1.182083889647512 -24.757385247347266 -1.8245143672291164e+01 -8.335276133297606 109.75588078344552   
314 7222 0.20496448671811768 1.182083889647512 -24.757385247347266 -1.8598922646403292e+01 92.71731731324397 111.72260072037766   
315 7245 0.20479832657024505 1.182083889647512 -24.757385247347266 -1.5683942057351281e+01 -7.17286201341323 111.15826037719599   
316 7268 0.2046622000983371 1.182083889647512 -24.757385247347266 -1.9701738634776305e+01 -1.3494643765321483 109.0902804546586   
317 7291 0.20452324940011352 1.182083889647512 -24.757385247347266 -2.0030398566270851e+01 -11.04076248210852 108.52012264434808   
318 7314 0.20436173970638224 1.182083889647512 -24.757385247347266 -1.5829394721809127e+01 -5.803837199091266 100.86328517418976   
319 7337 0.20420418848683738 1.1852336795071676 -24.757385247347266 -1.7349041212093720e+01 -5.068778530909347 108.14289926182977   
320 7360 0.20407771881715248 1.1852336795071676 -24.757385247347266 -1.8704659280097083e+01 -7.453599739165327 115.75786979387081   
321 7383 0.20394904806230169 1.1852336795071676 -24.757385247347266 -1.8841883353052673e+01 -10.81696256978497 124.94549603667483   
322 7406 0.20382573249306 1.1852336795071676 -24.757385247347266 -2.0376619512914342e+01 -9.468207130658106 113.39386175422496   
323 7429 0.20372084415740788 1.1852336795071676 -24.757385247347266 -1.8794140857862931e+01 -5.894559788970259 110.99931300740317   
324 7452 0.2036152317431172 1.1852336795071676 -24.757385247347266 -2.0855820942263424e+01 -9.097387052343517 102.59843502802713   
325 7475 0.20350808651036842 1.1883773382056753 -24.757385247347266 -1.6353571849372212e+01 -10.80771543903398 102.0042147537706   
326 7498 0.20340761753764372 1.1883773382056753 -24.757385247347266 -2.0897288002393548e+01 -8.444155976001149 93.4811704939126   
327 7521 0.20331267723898092 1.1883773382056753 -24.757385247347266 -1.8813946917954183e+01 -12.742344412909794 100.94803701532571   
328 7544 0.2032277626102999 1.1883773382056753 -24.757385247347266 -1.8594569200864065e+01 -5.20909986317031 103.677285001851   
329 7567 0.20314145358478247 1.1883773382056753 -24.757385247347266 -2.1631260311320432e+01 -9.895280126639301 113.13861006110412   
330 7590 0.2030708740260969 1.1883773382056753 -24.757385247347266 -2.1417828926852543e+01 -12.531922515331434 105.2671071042698   
331 7613 0.20301791544557524 1.1914237540155244 -24.757385247347266 -1.7941313969886561e+01 -7.813279023979455 108.68446809154811   
332 7636 0.2029703017104835 1.1914237540155244 -24.757385247347266 -1.7614306539535509e+01 -11.39058581813298 106.91206182392564   
333 7659 0.20291051450470943 1.1914237540155244 -24.757385247347266 -1.8774605226525406e+01 -11.241470100625705 115.8105415865928   
334 7682 0.20284650691525186 1.1914237540155244 -24.757385247347266 -1.9749554323413712e+01 -4.58762621456755 117.41752448255383   
335 7705 0.20278817847815028 1.1914237540155244 -24.757385247347266 -1.7170735250796486e+01 -9.947906412743626 113.31902083469556   
336 7728 0.20272745337988796 1.1914237540155244 -24.757385247347266 -2.1016144448718705e+01 -12.317366596636022 108.86794380579084   
337 7751 0.20265857814262284 1.1944200732323977 -24.757385247347266 -2.1388482992338034e+01 -8.767439556424792 137.45450532828514   
338 7774 0.2026031740408121 1.1944200732323977 -24.757385247347266 -1.5558591847298642e+01 -8.046582732624662 112.32376768144222   
339 7797 0.20253038576039695 1.1944200732323977 -24.757385247347266 -2.1081213868114478e+01 -9.407066587262449 107.29596651181579   
340 7820 0.2024544258446186 1.1944200732323977 -24.757385247347266 -1.7462445416380941e+01 -9.207323254651673 116.23240807001169   
341 7843 0.20237948225295688 1.1944200732323977 -24.757385247347266 -2.2256301608936262e+01 -5.375365826943249 113.60749095374595   
342 7866 0.20233707945579726 1.1944200732323977 -24.757385247347266 -1.9388959372001413e+01 -10.787214477643964 110.46346109132097   
343 7889 0.20229777744744074 1.1972972048033133 -24.757385247347266 -1.6174636598856505e+01 -7.462312163627374 118.12453643410157   
344 7912 0.20226331692943506 1.1972972048033133 -24.757385247347266 -1.7130927051314462e+01 -9.584104173315042 121.7314532650405   
345 7935 0.20222312937730086 1.1972972048033133 -24.757385247347266 -2.1278632703402362e+01 -12.308165581896874 100.15953348953339   
346 7958 0.20220503253557054 1.1972972048033133 -24.757385247347266 -1.9192040795229346e+01 -8.900687070266002 111.80377420719404   
347 7981 0.20217131989647036 1.1972972048033133 -24.757385247347266 -2.2173468575679387e+01 -9.79056125543885 107.59720299738336   
348 8004 0.20216892316249765 1.1972972048033133 -24.757385247347266 -2.0740638786502156e+01 -10.742281333695447 103.09737529306611   
349 8027 0.2021736665611137 1.2001094023345806 -24.757385247347266 -2.1319867175133297e+01 -10.84572962541689 104.69137628466389   
350 8050 0.20217845065808865 1.2001094023345806 -24.855054725747575 -2.4855054725747575e+01 -9.614714685683415 115.95266314086692   
351 8073 0.20217303916636103 1.2001094023345806 -24.855054725747575 -2.1570541806666181e+01 -13.13997796426835 110.37003494322487   
352 8096 0.20217592260126074 1.2001094023345806 -24.855054725747575 -1.6717558405758176e+01 -8.188600741912271 114.96366205858439   
353 8119 0.20217930761233108 1.2001094023345806 -24.855054725747575 -2.3370949706153318e+01 -10.426641526537608 108.77592977412915   
354 8142 0.20217702826544254 1.2001094023345806 -24.855054725747575 -2.3896435452963516e+01 -6.383895104845341 121.08105717107715   
355 8165 0.20216512612707485 1.2028301560991845 -24.855054725747575 -2.0215656649148702e+01 -6.287576503048315 114.33246484498122   
356 8188 0.20212219318776187 1.2028301560991845 -24.855054725747575 -1.4934375984571842e+01 -7.268636619200905 112.31508898761248   
357 8211 0.20209412649360087 1.2028301560991845 -24.855054725747575 -1.7485224337054404e+01 -4.255657086872161 113.34663584138268   
358 8234 0.20209159579916236 1.2028301560991845 -24.855054725747575 -2.0768907830019145e+01 -4.873650826508772 111.84421872672004   
359 8257 0.20213466041538655 1.2028301560991845 -24.855054725747575 -2.3883487501698262e+01 -4.82503363718773 118.75499172095584   
360 8280 0.20217502743638893 1.2028301560991845 -24.855054725747575 -1.8052081813030561e+01 0.8496593210827763 104.35843997790914   
361 8303 0.20220889670796277 1.2055564838141866 -24.855054725747575 -2.0684800012711428e+01 -10.808057854461142 107.75757580420252   
362 8326 0.20222894366435218 1.2055564838141866 -24.855054725747575 -2.2176052987576746e+01 -11.262669043773137 105.68535005389963   
363 8349 0.20222528738768336 1.2055564838141866 -24.855054725747575 -1.9605736403010159e+01 95.57015501227914 115.5835480403627   
364 8372 0.20219072282367673 1.2055564838141866 -24.855054725747575 -2.3486489800784131e+01 -6.5455910991169155 109.13683996068687   
365 8395 0.20216641897656767 1.2055564838141866 -24.855054725747575 -2.3886178409113235e+01 -2.5363684414444863 116.90025219698313   
366 8418 0.20214608270227358 1.2055564838141866 -26.608945481451215 -2.6608945481451215e+01 -5.091549960193509 111.34239237764913   
367 8441 0.2021079057091089 1.2081883224358216 -26.608945481451215 -1.9291686978766716e+01 -7.274333682919519 121.63933905714376   
368 8464 0.20206778423113478 1.2081883224358216 -26.608945481451215 -2.4318884543935450e+01 -12.314145393321882 118.56405960507936   
369 8487 0.20203124408696696 1.2081883224358216 -26.608945481451215 -2.2530621375875551e+01 -10.856241030092638 127.29296337350397   
370 8510 0.20198616914955692 1.2081883224358216 -26.608945481451215 -1.9513576871303197e+01 -10.627272061989927 101.84423737306025   
371 8533 0.20191742448893565 1.2081883224358216 -26.608945481451215 -2.0983790052653621e+01 -11.091486632886012 104.9896229207578   
372 8556 0.2018061100326456 1.2081883224358216 -26.608945481451215 -1.9827845187087838e+01 -9.6440442477185 109.31774418000383   
373 8579 0.2016979211787161 1.2108741877584979 -26.608945481451215 -2.1571853481461876e+01 -10.013618203045777 104.9634283716244   
374 8602 0.2015654127916189 1.2108741877584979 -26.608945481451215 -1.6716778910073774e+01 -7.87463513217801 109.5711170466176   
375 8625 0.20141677583638518 1.2108741877584979 -26.608945481451215 -1.8898557565289835e+01 -10.869661268573848 107.36963388863022   
376 8648 0.20127995002775123 1.2108741877584979 -26.608945481451215 -2.3357489075283794e+01 -13.643922674830971 120.68078301183508   
377 8671 0.20111666158681246 1.2108741877584979 -26.608945481451215 -2.1065338393855832e+01 -9.456628917022895 100.79236585890193   
378 8694 0.20094432608456336 1.2108741877584979 -26.608945481451215 -1.8661227690221093e+01 -5.262150245433029 109.2334869160286   
379 8717 0.2007539070300662 1.2133240727697687 -26.608945481451215 -1.7118076151081034e+01 -0.9101214261104468 118.8232268118641   
380 8740 0.20055594578981414 1.2133240727697687 -26.608945481451215 -2.2925821631593006e+01 -12.549065878634002 106.35021565487982   
381 8763 0.2003714692069636 1.2133240727697687 -26.608945481451215 -2.2426295730215159e+01 -10.024398757496826 102.81480607496079   
382 8786 0.20019770929484557 1.2133240727697687 -26.608945481451215 -2.1553638819821817e+01 -9.216466247107812 115.09367156204334   
383 8809 0.2000329009115973 1.2133240727697687 -26.608945481451215 -2.2482551961127065e+01 -13.08597619551169 102.98043351179362   
384 8832 0.19985819749256115 1.2133240727697687 -26.608945481451215 -1.9548322611928604e+01 -11.761833626680671 118.12777235288671   
385 8855 0.19969029808496697 1.2157426257674564 -26.608945481451215 -2.3582309265853244e+01 -12.47303274740462 108.0405105745358   
386 8878 0.19951867634912487 1.2157426257674564 -26.608945481451215 -2.4054671689539521e+01 -8.084259116575716 110.4530213207702   
387 8901 0.19934430939964767 1.2157426257674564 -26.608945481451215 -2.2169209319032113e+01 -13.00756382424071 105.90728816923996   
388 8924 0.19918783891378375 1.2157426257674564 -26.608945481451215 -2.3904299749868617e+01 -13.920870228803379 95.36272933346345   
389 8947 0.19903691457423606 1.2157426257674564 -26.608945481451215 -1.9397814009709911e+01 1.2929589838659084 105.81891081394816   
390 8970 0.19890872047860056 1.2157426257674564 -26.608945481451215 -1.9308891797030942e+01 -12.436934954092493 112.14349783715234   
391 8993 0.19877872377511022 1.2180063667157874 -26.608945481451215 -2.0273072858278979e+01 -7.642945188997288 114.42268585324227   
392 9016 0.19866056952841435 1.2180063667157874 -26.608945481451215 -1.9539115055611965e+01 -8.98269718247898 102.64435325873582   
393 9039 0.19856694493950314 1.2180063667157874 -26.608945481451215 -2.4248682411948923e+01 -10.875856506758673 103.33493149490717   
394 9062 0.19847081645774015 1.2180063667157874 -26.608945481451215 -2.1549461872752790e+01 -10.19932974117743 105.39599401328404   
395 9085 0.198365214013027 1.2180063667157874 -26.608945481451215 -1.7511710439523661e+01 -9.97104878500661 108.61215965614407   
396 9108 0.198264575035779 1.2180063667157874 -26.608945481451215 -2.3009913210416229e+01 -9.647810363691281 111.12677480420223   
397 9131 0.19817606872063867 1.2203631940922113 -26.608945481451215 -1.9371919798001613e+01 -12.933267350495457 119.23081405107243   
398 9154 0.1980697647825511 1.2203631940922113 -26.608945481451215 -2.0732028399323436e+01 -12.264405759274316 105.75222923347542   
399 9177 0.1979491550739466 1.2203631940922113 -26.608945481451215 -1.9210700283282719e+01 -10.147687416924756 113.03754170258344   
400 9200 0.19783001803718017 1.2203631940922113 -26.608945481451215 -2.1516681007873245e+01 -8.535575236221744 112.59437954138282   
401 9223 0.19772045196043228 1.2203631940922113 -26.608945481451215 -2.0197414810352605e+01 -5.862023338651249 112.25301920876653   
402 9246 0.19761185703312648 1.2203631940922113 -26.608945481451215 -2.0665058075531071e+01 -14.073912824630728 101.70998315948373   
403 9269 0.19749753479711596 1.2225743644272113 -26.608945481451215 -1.9729691578369572e+01 -8.454994505615261 109.15709611392457   
404 9292 0.19737996278849135 1.2225743644272113 -26.608945481451215 -1.7919636473293078e+01 -11.29880616562314 109.28625635444747   
405 9315 0.1972444358938712 1.2225743644272113 -26.608945481451215 -2.1497588355298490e+01 -14.410356876845759 104.4191201158284   
406 9338 0.19710161742245086 1.2225743644272113 -26.608945481451215 -2.4640943787079344e+01 -12.140497376586596 112.23067315657252   
407 9361 0.1969542042816033 1.2225743644272113 -26.608945481451215 -2.1169460109312130e+01 -12.566157022772952 111.70558153998915   
408 9384 0.19680017025077035 1.2225743644272113 -26.608945481451215 -2.1050766084966586e+01 -11.65024080398432 102.81931505729384   
409 9407 0.19663680948597168 1.2247029133183631 -26.608945481451215 -1.9714513820981619e+01 -13.025983887586094 107.64384307760747   
410 9430 0.19649591340896708 1.2247029133183631 -26.608945481451215 -2.0094428370713604e+01 -14.034007608837737 106.22738674319042   
411 9453 0.19636393598453347 1.2247029133183631 -26.608945481451215 -2.1189022739177535e+01 -11.475082893576444 105.81352726838863   
412 9476 0.19623155786791366 1.2247029133183631 -26.608945481451215 -2.3953367588322632e+01 -12.736841797414526 105.72926367420952   
413 9499 0.19612258568463342 1.2247029133183631 -26.608945481451215 -2.2260092041982986e+01 -13.3426839370243 93.04205344711805   
414 9522 0.19601413826623573 1.2247029133183631 -26.608945481451215 -2.1233043618433786e+01 -15.242837866836513 93.73222807288171   
415 9545 0.19589113316750403 1.2268609316111398 -26.608945481451215 -2.0962565844430909e+01 -10.88476131353587 111.87106660155892   
416 9568 0.1957612257081904 1.2268609316111398 -26.608945481451215 -2.2320663930763779e+01 -9.155974837973064 113.18616616057791   
417 9591 0.19562183238002187 1.2268609316111398 -26.608945481451215 -2.1200415072620537e+01 -9.954954753017647 111.34841799416705   
418 9614 0.19549019328127606 1.2268609316111398 -26.608945481451215 -2.1221968967494867e+01 -12.815273934824363 114.0110537075835   
419 9637 0.19538451701857176 1.2268609316111398 -26.608945481451215 -2.1589214671241706e+01 -10.185027983794587 109.49006752476593   
420 9660 0.19528023314673584 1.2268609316111398 -26.608945481451215 -2.0067800741426641e+01 -8.295160822734205 111.7733567727618   
421 9683 0.19519036755005056 1.2289320581482641 -26.608945481451215 -2.0047310680119953e+01 -11.782559596421173 115.52474195608747   
422 9706 0.19511158888978286 1.2289320581482641 -26.608945481451215 -2.4040853870235384e+01 -12.251393919555445 109.45522012656927   
423 9729 0.19504359153350795 1.2289320581482641 -26.608945481451215 -2.0952644035325093e+01 -12.933802566587277 109.77954293045836   
424 9752 0.19497691345134538 1.2289320581482641 -26.608945481451215 -2.0055005976897331e+01 -7.836937050561077 147.66376878800855   
425 9775 0.19490812743849487 1.2289320581482641 -26.608945481451215 -2.2145199249636377e+01 -10.126313012093277 110.02647314603567   
426 9798 0.19483030441461935 1.2289320581482641 -26.608945481451215 -2.1081651956732038e+01 -9.883764697385928 104.0169987017438   
427 9821 0.19475646211322473 1.2310124054622256 -26.608945481451215 -2.1562372204547753e+01 -9.716700649941313 105.46749576215758   
428 9844 0.1946941544280719 1.2310124054622256 -26.608945481451215 -2.0195647214305282e+01 -10.91089211090652 101.92855146379149   
429 9867 0.19465759583953973 1.2310124054622256 -26.608945481451215 -2.1807360751943680e+01 -13.142361299983511 105.68651296697497   
430 9890 0.19461281674464323 1.2310124054622256 -26.608945481451215 -2.2016670554898027e+01 -12.082601940774637 120.06869841972924   
431 9913 0.19453889670773902 1.2310124054622256 -26.608945481451215 -2.0910839596652099e+01 -7.0800278424073975 105.85516011564931   
432 9936 0.194457190489789 1.2310124054622256 -26.608945481451215 -2.1112371821404725e+01 -13.089475142513706 103.36579946020682   
433 9959 0.19439716881989166 1.2329397126731827 -26.608945481451215 -2.0877665742009224e+01 -14.532859288689343 110.73203903381093   
434 9982 0.19433499195700316 1.2329397126731827 -26.608945481451215 -2.0744186888740686e+01 -11.563795818068682 106.20128061231848   
435 10005 0.1942645517610778 1.2329397126731827 -26.608945481451215 -1.7847132580793737e+01 6.54192505551753 121.21247087376503   
436 10028 0.19420239962327435 1.2329397126731827 -26.608945481451215 -2.3682756307692582e+01 -14.4624681645973 105.0472937472351   
437 10051 0.1941115254270168 1.2329397126731827 -26.608945481451215 -2.0687697644576421e+01 -14.45465700653193 110.68721670262826   
438 10074 0.19402607238587785 1.2329397126731827 -26.608945481451215 -1.8775342190830020e+01 -11.833567479463264 108.94643038215675   
439 10097 0.1939512093949467 1.234827102715375 -26.608945481451215 -2.2546936432382129e+01 -14.209128429541341 107.36017375828202   
440 10120 0.19389660368947925 1.234827102715375 -26.608945481451215 -2.3067914747883211e+01 -12.625988832766785 104.09469702729211   
441 10143 0.19382384757636492 1.234827102715375 -26.608945481451215 -2.4019674545935043e+01 -11.112352419956874 97.00740444848316   
442 10166 0.19374826404674741 1.234827102715375 -26.608945481451215 -2.1312343088272936e+01 -14.56925120607264 0.13097173250095892   
443 10189 0.1936870220042764 1.234827102715375 -26.608945481451215 -2.2401829976838084e+01 -13.917120047926874 96.46177114023456   
444 10212 0.1936293254545335 1.234827102715375 -26.608945481451215 -2.2962274661197007e+01 -13.416844312932312 106.0954229868576   
445 10235 0.19356536771737723 1.2369134776031805 -26.608945481451215 -2.3363232833127199e+01 -11.825860095789631 110.05506377811669   
446 10258 0.19349988382729383 1.2369134776031805 -26.608945481451215 -2.1570931688752619e+01 -8.447129539484743 98.5163441453365   
447 10281 0.19344172450153263 1.2369134776031805 -26.608945481451215 -2.2265699071006807e+01 -14.523647390301623 -4.313940861541127   
448 10304 0.19335796992695997 1.2369134776031805 -26.608945481451215 -2.1355824049026996e+01 -13.01267569497287 99.81259632571788   
449 10327 0.19326108832771435 1.2369134776031805 -26.608945481451215 -1.8127078609483288e+01 -12.094497258193766 114.67023793600376   
450 10350 0.193177481042688 1.2369134776031805 -26.608945481451215 -2.1598011275541040e+01 -14.206966286909427 116.84349957046597   
451 10373 0.19307468178228207 1.2389467684482098 -26.608945481451215 -2.2337594049428265e+01 -12.672298606776293 104.47598046124851   
452 10396 0.19298604487347318 1.2389467684482098 -26.608945481451215 -2.2385974142784235e+01 -11.996225525607018 104.17857820698434   
453 10419 0.19287802295148568 1.2389467684482098 -26.608945481451215 -2.1575512394286683e+01 -13.027758378400746 99.33037928538275   
454 10442 0.1927466810772046 1.2389467684482098 -26.608945481451215 -2.1397781798756380e+01 -14.07690708248501 108.61686201038462   
455 10465 0.19263886530354452 1.2389467684482098 -26.608945481451215 -2.0815568451570932e+01 -12.072325678180876 118.08962776895923   
456 10488 0.19252425200555354 1.2389467684482098 -26.608945481451215 -2.3190208490981384e+01 -16.960942023161763 108.50338232598456   
457 10511 0.1924098153179686 1.2410249158361137 -26.608945481451215 -2.4635080439334750e+01 -14.988736217304433 106.21334029372473   
458 10534 0.19226357846156242 1.2410249158361137 -26.608945481451215 -2.2643762421270178e+01 -13.224343021372928 105.86554076251203   
459 10557 0.19213912235202518 1.2410249158361137 -26.608945481451215 -2.5172422093583272e+01 -15.490035292459009 105.96377846596577   
460 10580 0.19201206843597837 1.2410249158361137 -26.608945481451215 -2.4970802402611177e+01 -14.654163821188703 98.61343447261926   
461 10603 0.1918638129956656 1.2410249158361137 -26.608945481451215 -2.1407485759889699e+01 -12.021149370370404 106.74277600609017   
462 10626 0.1917342794687793 1.2410249158361137 -26.608945481451215 -2.2232451271670534e+01 -11.631047196259697 105.97641964575153   
463 10649 0.19163733235354694 1.2430353947205142 -26.608945481451215 -2.3643713800750014e+01 -16.746577171790072 94.06693438556543   
464 10672 0.19153782139697592 1.2430353947205142 -26.608945481451215 -2.6070079613762005e+01 -11.176196734175678 112.19792746647325   
465 10695 0.1914623492902059 1.2430353947205142 -26.608945481451215 -2.2959063914627432e+01 -11.421716800849238 103.71031351205086   
466 10718 0.1913914728981178 1.2430353947205142 -26.608945481451215 -2.3137409044417211e+01 -16.54805666615006 104.34994219997029   
467 10741 0.1913151857086276 1.2430353947205142 -26.608945481451215 -2.2745768759210897e+01 -15.073955769921328 103.88948027705774   
468 10764 0.1912620039352554 1.2430353947205142 -26.608945481451215 -2.2344404612582167e+01 -13.50906449938097 99.92979849133394   
469 10787 0.19122460779657552 1.2451962241803702 -26.608945481451215 -2.2004101829806956e+01 -11.062644226384007 101.8229091725306   
470 10810 0.19118099628655325 1.2451962241803702 -26.608945481451215 -2.0335758703116298e+01 -9.628149781529451 103.91387977991006   
471 10833 0.1911688730820438 1.2451962241803702 -26.608945481451215 -2.0762372659971330e+01 -15.878353561301383 97.69225274133437   
472 10856 0.1911657745178086 1.2451962241803702 -26.608945481451215 -2.1353090098919978e+01 -12.805927883057509 105.46718902153026   
473 10879 0.19114330244392494 1.2451962241803702 -26.608945481451215 -2.5492078227215735e+01 -16.39486389092975 102.1757899109504   
474 10902 0.19110188768803138 1.2451962241803702 -26.608945481451215 -2.3512315882128380e+01 -6.091986099819312 115.21903481001907   
475 10925 0.19106021572931 1.2473010683124444 -26.608945481451215 -2.1673205456594630e+01 -10.684371770378172 110.97473372432901   
476 10948 0.19100487756087006 1.2473010683124444 -26.608945481451215 -2.3106240702221161e+01 94.91520594717316 111.51442889773412   
477 10971 0.1909505647762736 1.2473010683124444 -26.608945481451215 -2.4814806006042922e+01 -16.603016276782366 105.03365026782143   
478 10994 0.19088910155632802 1.2473010683124444 -26.608945481451215 -2.4012684145838659e+01 -11.329604222711147 109.28070975441487   
479 11017 0.190813398344021 1.2473010683124444 -26.608945481451215 -2.1889780565800788e+01 -10.606924100697634 104.56142456374877   
480 11040 0.19073804192623856 1.2473010683124444 -26.608945481451215 -2.0772868153541634e+01 -4.8025610300774035 109.89342994599232   
481 11063 0.19064378633222417 1.249235204656061 -26.608945481451215 -2.1736588276142282e+01 -10.948331449935182 106.22506810155201   
482 11086 0.1905335844174719 1.249235204656061 -26.608945481451215 -2.3749628027059124e+01 7.73160452021971 110.8625918447276   
483 11109 0.1904261746120748 1.249235204656061 -26.608945481451215 -2.3374934405377108e+01 -13.464235550468134 104.06329077730018   
484 11132 0.19033765486316603 1.249235204656061 -26.608945481451215 -2.3447586459800618e+01 -14.03391370560412 99.0704857634716   
485 11155 0.19024223317530242 1.249235204656061 -26.608945481451215 -2.1432311924573035e+01 -8.158102727824794 98.48625774583657   
486 11178 0.19013659939413843 1.249235204656061 -27.56612881004688 -2.7566128810046880e+01 -11.662264170577728 104.16442487395122   
487 11201 0.19000995748353178 1.2511465471861176 -27.56612881004688 -2.3692579075661786e+01 96.48709192816852 117.77395337183775   
488 11224 0.18990310376368918 1.2511465471861176 -27.56612881004688 -2.0203346685405190e+01 -10.832694056748675 111.32196333164225   
489 11247 0.18977350438803517 1.2511465471861176 -27.56612881004688 -2.3969811530814837e+01 5.825965849120812 121.34699889987895   
490 11270 0.1896591489175137 1.2511465471861176 -27.56612881004688 -2.6587315506898520e+01 -14.157744999551499 106.02338560373647   
491 11293 0.18955442262545608 1.2511465471861176 -27.56612881004688 -2.3134563503809261e+01 -6.784514605406023 113.27329799692271   
492 11316 0.18947952892317324 1.2511465471861176 -27.56612881004688 -2.0356352685949457e+01 -6.871266705655784 124.03564221119821   
493 11339 0.18939357272515278 1.252937472653188 -27.56612881004688 -2.0709008803625878e+01 -14.311443152344445 111.19830412523325   
494 11362 0.18931876463894698 1.252937472653188 -27.56612881004688 -2.1186625564247372e+01 -12.023298260750227 104.39792617633319   
495 11385 0.18921919845901858 1.252937472653188 -27.56612881004688 -2.2780223113995635e+01 -11.666960177038456 106.67003908460589   
496 11408 0.18912168232046594 1.252937472653188 -27.56612881004688 -2.0611799930184439e+01 -15.124311319377865 99.82992657379559   
497 11431 0.189050028569929 1.252937472653188 -27.56612881004688 -2.1060684228458765e+01 -11.595402496839535 113.02499774052018   
498 11454 0.18899729527842518 1.252937472653188 -27.56612881004688 -2.2018855691879359e+01 -14.249759140168603 113.60616300842912   
499 11477 0.18893822804018778 1.254816037378256 -27.56612881004688 -2.5112828350245948e+01 -12.771647104561923 112.34844898267217   
500 11500 0.18888422329702492 1.254816037378256 -27.56612881004688 -2.1683869633418208e+01 -10.75753890304885 107.10219149489826   
